1 3 10 30 100 300 1000 3000
1
64 64 64 64 64 64 64 64 64 64 64 64 64 64 64 64 64 64 64 64 64
64 64 64 64 64 64 64 64 64 64 64 64 64 64 64 64 64 64 64 64 64
64 64 64 64 64 64 64 64 64 64 64 64 64 64 64 64 64 64 64 64 64
64 64 64 64 64 64 64 64 64 64 64 64 64 64 64 64 64 64 64 64 64
3
104 104 104 104 104 104 104 104 104 104 104 104 104 104 104 104 104 104 104 104 104
104 104 184 104 144 104 104 104 104 104 184 164 104 184 144 164 144 104 164 164 104
104 104 104 104 104 104 104 104 104 104 104 104 104 104 104 104 104 104 104 104 104
104 104 104 104 104 104 104 104 104 104 104 104 104 104 104 104 104 104 104 104 104
10
344 344 304 324 304 264 344 244 344 344 324 304 344 344 344 344 244 324 244 344 284
624 624 344 324 484 544 644 364 524 304 624 1184 404 644 324 604 464 464 624 624 304
344 304 344 344 344 344 344 344 324 324 344 344 284 344 324 344 344 264 324 344 324
324 324 344 344 344 304 344 324 344 284 284 264 344 344 324 344 284 344 304 344 324
30
1244 1064 1224 1064 1024 1044 1224 884 1284 784 1304 1144 1284 1044 1284 1044 844 1264 1144 1104 1144
2244 1304 1884 2304 1664 744 2484 1584 1584 1904 1964 1184 2104 2444 3644 4484 2164 1264 2284 2524 1304
1184 1284 1024 1124 1284 1284 944 1264 864 1184 1304 664 1164 1304 1024 1244 824 1264 1124 1224 1244
664 644 664 664 1244 1024 664 664 944 664 664 684 984 664 664 664 664 664 1004 644 1104
100
4964 2604 4484 5124 4504 4804 5144 5084 4644 4244 4164 4604 4964 5064 4744 4044 5004 5024 4164 4964 4704
10024 8644 9724 9484 10004 8344 6384 9804 6704 6424 8464 9724 4944 6744 8504 4904 8424 9124 9824 9044 5584
4984 5144 5104 4964 4204 2564 4864 5104 4664 4544 4284 3504 4864 4264 4744 4304 4964 4884 3904 2564 5404
2564 2584 2584 2584 2524 2584 2584 4664 2564 2584 2584 2564 2564 2584 3504 2584 2584 2544 2524 2584 2424
300
16324 17024 13424 11004 16624 18404 19844 11564 15724 19504 12284 18584 11524 10264 10244 20384 11884 13484 19924 10264 19184
20184 75404 23164 20824 37544 40844 32444 33764 20444 37524 155924 26844 38524 20204 34804 26704 18604 45744 39664 38044 75404
10064 13664 15644 12004 12484 19664 10184 11824 10224 16804 19724 15024 18184 10364 10024 13324 17464 16064 18724 20004 10184
10244 10244 9924 10024 10164 9764 10204 10084 10204 10244 10224 10164 10264 10204 10264 10144 10104 10164 10244 10184 10264
1000
