1 3 10 100
Suites = 1
2.861000 3.603000 6.806000
2.520000 2.374000 5.142000
5.866000 2.705000 8.952000
11.337000 3.640000 15.250000
2.958000 2.947000 6.146000
7.787000 2.344000 10.331000
2.459000 2.666000 5.495000
7.380000 3.050000 10.659000
4.940000 3.111000 8.273000
2.729000 2.671000 5.610000
3.310000 2.474000 6.040000
2.607000 2.970000 5.785000
2.507000 2.359000 5.061000
5.556000 2.609000 8.402000
5.536000 2.423000 8.166000
2.979000 2.409000 5.587000
2.399000 2.749000 5.350000
2.477000 2.394000 5.073000
14.275000 2.407000 16.889000
3.005000 2.461000 5.681000
5.565000 2.467000 8.247000
2.566000 8.193000 11.018000
2.427000 7.644000 10.329000
5.345000 8.036000 13.657000
10.628000 8.280000 19.172000
3.241000 9.119000 12.613000
2.553000 7.839000 10.635000
4.791000 7.558000 12.630000
3.038000 7.874000 11.203000
2.685000 8.080000 11.021000
15.732000 8.240000 24.209000
5.682000 7.528000 13.460000
4.914000 7.829000 12.988000
4.050000 7.832000 12.304000
13.171000 7.455000 20.872000
2.542000 7.994000 10.782000
3.115000 7.927000 11.292000
2.424000 7.494000 10.176000
7.815000 7.639000 15.677000
5.689000 7.772000 13.693000
4.804000 7.504000 12.550000
2.526000 7.753000 10.524000
7.854000 24.144000 32.258000
7.632000 24.398000 32.307000
7.886000 24.584000 32.760000
2.509000 26.246000 29.050000
2.489000 27.229000 30.023000
3.252000 30.056000 33.599000
2.513000 31.048000 33.957000
11.214000 26.035000 37.547000
3.102000 29.174000 32.576000
2.545000 29.648000 34.206000
6.380000 25.311000 32.031000
5.218000 24.044000 29.576000
2.809000 25.483000 28.578000
3.070000 26.263000 29.622000
2.642000 26.919000 29.847000
2.389000 26.111000 28.784000
3.383000 26.585000 30.265000
13.119000 24.280000 37.685000
7.687000 28.231000 36.205000
2.521000 26.310000 29.115000
2.443000 25.460000 28.188000
2.665000 248.779000 252.473000
3.000000 251.926000 256.522000
4.786000 251.012000 256.761000
2.531000 262.385000 265.642000
5.358000 252.987000 259.307000
7.676000 311.349000 320.626000
4.931000 270.662000 276.660000
8.008000 270.169000 279.184000
5.474000 247.947000 254.158000
8.099000 273.879000 283.481000
13.384000 265.841000 280.173000
2.598000 257.825000 261.131000
2.720000 276.496000 280.177000
6.107000 271.438000 278.626000
3.285000 239.056000 243.311000
10.628000 269.563000 281.512000
3.152000 281.732000 286.273000
23.143000 262.274000 286.203000
2.449000 274.847000 278.265000
5.679000 254.005000 260.749000
18.008000 243.283000 262.013000
Suites = 3
16.203000 7.743000 24.493000
13.769000 7.829000 22.180000
17.982000 7.511000 26.047000
8.417000 7.814000 16.813000
8.520000 7.730000 16.815000
16.500000 7.727000 24.788000
10.177000 7.458000 18.211000
15.635000 7.776000 23.979000
16.189000 7.717000 24.488000
16.512000 8.258000 25.335000
10.314000 7.613000 18.478000
15.799000 7.633000 23.978000
21.347000 7.609000 29.527000
15.580000 7.584000 23.734000
18.008000 8.503000 27.176000
21.175000 8.070000 29.846000
19.964000 8.845000 29.536000
8.515000 8.109000 17.657000
13.846000 7.734000 22.265000
26.021000 7.950000 34.540000
18.610000 7.870000 27.034000
19.919000 29.259000 50.027000
21.680000 42.380000 64.891000
15.398000 32.137000 48.199000
25.620000 25.382000 51.587000
19.310000 26.733000 46.643000
10.424000 25.416000 36.448000
15.838000 29.635000 46.072000
8.489000 30.285000 39.454000
14.355000 25.897000 40.853000
10.889000 26.049000 38.428000
15.645000 26.972000 43.375000
20.823000 26.415000 47.851000
13.520000 27.232000 41.891000
15.295000 26.455000 42.366000
10.475000 26.677000 37.782000
12.068000 26.371000 39.034000
18.339000 25.103000 44.060000
21.329000 25.831000 48.051000
15.522000 25.763000 41.894000
25.779000 30.038000 56.404000
25.019000 25.380000 50.981000
10.342000 262.908000 274.600000
16.689000 260.820000 278.822000
10.484000 280.425000 292.220000
18.964000 273.791000 294.089000
16.997000 268.532000 286.955000
8.869000 271.470000 281.666000
12.814000 261.242000 275.412000
14.977000 265.240000 281.665000
38.109000 269.108000 308.497000
13.831000 268.725000 283.907000
18.363000 272.101000 291.555000
19.174000 266.069000 286.639000
13.152000 261.894000 276.524000
13.901000 289.080000 305.260000
30.623000 282.379000 314.068000
13.760000 262.379000 277.536000
9.208000 269.656000 280.216000
8.415000 273.820000 283.620000
28.546000 280.142000 310.050000
10.808000 263.727000 276.251000
21.444000 266.089000 288.837000
Suites = 10
70.265000 26.541000 98.475000
45.768000 31.389000 78.972000
56.461000 26.976000 85.422000
58.396000 25.955000 86.064000
84.080000 44.280000 130.879000
84.420000 26.372000 113.332000
48.917000 25.869000 77.134000
53.969000 25.787000 81.489000
42.930000 26.736000 71.505000
44.782000 27.435000 74.359000
52.184000 27.581000 81.459000
46.082000 31.248000 79.053000
56.362000 28.230000 86.776000
47.800000 29.388000 79.081000
56.772000 26.735000 85.183000
44.850000 26.100000 73.017000
51.757000 26.239000 79.672000
42.715000 27.359000 71.817000
70.842000 27.267000 99.879000
78.098000 27.569000 107.683000
59.140000 29.489000 91.150000
46.006000 278.501000 327.075000
49.294000 280.919000 332.614000
54.696000 267.118000 324.309000
51.537000 277.416000 331.421000
55.718000 271.168000 330.897000
68.574000 275.674000 347.250000
63.012000 404.109000 469.994000
48.825000 349.147000 400.404000
51.798000 333.771000 390.641000
75.573000 347.937000 426.340000
66.563000 356.526000 425.556000
55.487000 290.545000 348.466000
55.412000 287.605000 345.355000
96.221000 283.937000 382.369000
56.718000 326.613000 385.801000
62.048000 280.848000 345.324000
39.719000 320.703000 362.881000
38.604000 286.081000 327.452000
70.865000 286.049000 359.631000
62.229000 275.395000 340.065000
98.893000 273.840000 375.169000