1 3 10 30 100 300 1000 3000
1
64 64 64 64 64 64 64 64 64 64 64 64 64 64 64 64 64 64 64 64 64
64 64 64 64 64 64 64 64 64 64 64 64 64 64 64 64 64 64 64 64 64
64 64 64 64 64 64 64 64 64 64 64 64 64 64 64 64 64 64 64 64 64
64 64 64 64 64 64 64 64 64 64 64 64 64 64 64 64 64 64 64 64 64
3
104 104 104 104 104 104 104 104 104 104 104 104 104 104 104 104 104 104 104 104 104
104 104 104 144 164 164 104 104 104 104 104 104 104 124 124 104 184 144 184 144 164
104 104 104 104 104 104 104 104 104 104 104 104 104 104 104 104 104 104 104 104 104
104 104 104 104 104 104 104 104 104 104 104 104 104 104 104 104 104 104 104 104 104
10
244 244 244 244 244 244 244 244 244 244 244 244 244 244 244 244 244 244 244 244 244
524 324 344 524 544 344 284 344 344 324 344 324 364 624 324 344 324 644 1144 324 504
264 324 324 284 344 304 344 344 344 344 324 284 244 344 284 304 324 324 284 324 344
324 284 324 324 304 324 344 344 344 304 244 344 264 344 304 284 324 324 304 324 344
30
644 644 644 644 644 644 644 644 644 644 644 644 644 644 644 644 644 644 644 644 644
1304 1164 2224 1304 2144 1304 1504 3484 2144 1524 1184 2284 2184 1484 3084 1664 1264 2324 1884 2284 1244
1244 1304 744 1244 1184 924 1224 1224 1304 1224 1264 784 784 1064 664 1284 1024 1064 1044 1144 664
664 664 664 1064 664 664 744 664 744 664 884 1104 664 644 664 964 664 664 664 664 664
100
2044 2044 2044 2044 2044 2044 2044 2044 2044 2044 2044 2044 2044 2044 2044 2044 2044 2044 2044 2044 2044
8824 8084 8684 9604 5044 9984 9684 9224 10904 7804 6844 8724 8624 6904 8824 6404 6084 10144 16644 6024 10164
2724 4964 4904 4204 3564 5084 4544 5064 4964 4864 4964 5064 3064 2524 4584 4924 3804 3184 2584 4644 4224
2584 2584 2584 2544 2584 2564 2524 2564 2584 3524 2524 2584 4944 2564 2484 2584 2584 2504 2564 2544 5104
300
6044 6044 6044 6044 6044 6044 6044 6044 6044 6044 6044 6044 6044 6044 6044 6044 6044 6044 6044 6044 6044
36744 29784 30344 39004 26884 36044 39564 19224 40224 38764 20364 37244 39964 37324 40324 30964 40524 33104 19764 40864 36624
10264 17624 10124 15764 17984 10164 12964 13384 10984 14184 10004 10264 15024 13884 18064 9924 16364 12184 16784 18504 10204
10224 10244 10084 9844 10184 10164 10164 10164 10224 10044 10244 10184 10264 10264 10164 10264 9664 9884 10044 10244 10224
1000
20044 20044 20044 20044 20044 20044 20044 20044 20044 20044 20044 20044 20044 20044 20044 20044 20044 20044 20044 20044 20044
248944 154984 133544 144984 163384 146744 148404 97964 158284 101404 153124 150304 129884 147964 131184 140284 160604 152284 144624 162504 119124
40784 42084 51824 45924 75864 60724 60524 75344 40704 40844 40764 76064 40964 40644 39564 71344 74784 40724 52864 40884 40744
40364 38704 40684 40684 40344 40964 40544 40644 40184 40264 40804 38324 40864 40584 40604 38384 39664 39864 40364 40784 40584
3000
60044 60044 60044 60044 60044 60044 60044 60044 60044 60044 60044 60044 60044 60044 60044 60044 60044 60044 60044 60044 60044
615084 547244 549844 591724 1040364 622504 505064 654304 648264 434264 646184 474204 545704 519544 354064 514004 552084 324444 634664 622264 639164
162744 163684 160424 163844 163324 163524 163384 163664 162464 162444 163764 162904 163224 159024 163864 161784 163824 163844 163504 161744 163824
152664 160444 81684 163244 150384 153064 152624 161544 150784 126704 146244 146084 143424 153804 148024 159344 158504 116824 163704 159064 97504
