1 3 5 10 30 70 100 1000 3000 10000
1
0.16399999999999793 0.08200000000000074 0.09900000000000375 0.08100000000001728 0.08200000000000784 0.214999999999975 0.2009999999999934 0.07999999999995566 0.13999999999998636 0.11800000000002342 0.08099999999996044 0.08700000000004593 0.08600000000001273 0.10900000000003729 0.08699999999998909 0.08199999999999363 0.3289999999999509 0.08300000000002683 0.08299999999996999 0.08200000000010732 0.08599999999989905
0.10600000000000165 0.06999999999999318 0.07400000000001228 0.0689999999999884 0.06900000000000261 0.21199999999998909 0.07499999999998863 0.07100000000002638 0.07800000000000296 0.06800000000004047 0.06799999999998363 0.07299999999997908 0.07499999999993179 0.09300000000001774 0.07099999999996953 0.06900000000001683 0.18700000000001182 0.06900000000001683 0.07099999999996953 0.07000000000005002 0.07200000000000273
4.079000000000001 3.7879999999999967 3.4949999999999903 3.7010000000000076 2.5100000000000193 4.7970000000000255 3.0249999999999773 2.761000000000024 2.5379999999999825 3.222000000000037 2.495999999999981 4.075999999999965 2.498999999999967 2.451000000000022 2.9699999999999704 2.776999999999987 2.4950000000000045 3.8029999999999973 2.522000000000048 4.185999999999922 2.4389999999999645
2.5319999999999965 3.165999999999997 3.8430000000000035 3.7009999999999934 4.396999999999991 2.7369999999999948 2.9139999999999873 3.038000000000011 3.4140000000000157 3.8500000000000227 2.758000000000038 2.8290000000000646 5.440999999999974 2.5989999999999895 2.507000000000005 2.841000000000008 2.519999999999982 2.7589999999999577 2.9979999999999336 3.356999999999971 2.9869999999999663
3
0.09100000000000819 0.1029999999999518 0.10900000000003729 0.08299999999996999 0.1450000000000955 0.08700000000010277 0.10500000000013188 0.09700000000009368 0.08400000000006003 0.08999999999991815 0.08500000000003638 0.1369999999999436 0.08399999999983265 0.13299999999981083 0.11100000000010368 0.27700000000004366 0.08599999999978536 0.09300000000007458 0.08500000000003638 0.11400000000003274 0.08700000000021646
0.17600000000004457 0.18200000000001637 0.1750000000000682 0.17799999999999727 0.49099999999998545 0.18000000000006366 0.2239999999999327 0.28499999999996817 0.22299999999995634 0.2999999999999545 0.17700000000002092 0.1879999999998745 0.17300000000000182 0.23900000000026012 0.23900000000026012 0.3670000000001892 0.1919999999997799 0.2279999999998381 0.20000000000004547 0.21499999999969077 0.16800000000012005
3.29200000000003 3.0450000000000728 3.9589999999999463 2.522000000000048 3.2099999999999227 2.5870000000001028 3.8419999999999845 3.5570000000000164 3.090000000000032 4.079000000000065 2.74899999999991 2.5629999999998745 3.022999999999911 2.8719999999998436 3.3469999999997526 4.240000000000009 4.605000000000018 3.1959999999999127 2.9780000000000655 3.4829999999999472 3.3559999999999945
3.2519999999999527 2.504000000000019 2.658999999999992 2.644999999999982 3.5459999999999354 3.046999999999912 3.8299999999999272 3.4389999999999645 2.5879999999999654 2.838999999999942 2.977999999999838 3.0030000000001564 4.804000000000087 3.533000000000129 2.5700000000001637 2.9579999999998563 2.8250000000000455 6.43100000000004 3.699000000000069 2.512000000000171 2.8969999999999345
5
0.08399999999983265 0.1150000000000091 0.10400000000004184 0.09800000000018372 0.08799999999996544 0.0829999999998563 0.10200000000008913 0.09600000000000364 0.1330000000000382 0.08600000000001273 0.08500000000026375 0.08400000000006003 0.09799999999995634 0.08999999999969077 0.13700000000017099 0.09999999999990905 0.0840000000002874 0.08199999999987995 0.08399999999983265 0.08399999999983265 0.08599999999978536
0.28300000000012915 0.33199999999987995 0.27599999999983993 0.30100000000015825 0.29099999999994 0.27300000000013824 0.3269999999999982 0.31399999999985084 0.3029999999998836 0.2800000000002001 0.45400000000017826 0.27800000000002 0.29799999999977445 0.3020000000001346 0.5199999999995271 0.2860000000000582 0.2709999999997308 0.27300000000013824 0.2840000000001055 0.26900000000023283 0.2990000000004329
3.0139999999998963 5.625999999999976 3.8479999999999563 3.7569999999998345 3.252999999999929 4.040000000000191 2.5800000000001546 2.617999999999938 2.7369999999998527 2.715000000000373 2.8899999999998727 3.6700000000000728 4.392000000000735 2.6419999999998254 4.189000000000306 2.930000000000291 4.302000000000135 3.799999999999727 2.7260000000001128 2.8249999999993634 2.518999999999778
2.492999999999938 3.064999999999827 3.4529999999999745 2.7519999999999527 2.54300000000012 3.1359999999999673 3.6800000000000637 4.153999999999996 3.4980000000000473 3.538000000000011 2.5139999999998963 3.1289999999999054 2.6230000000000473 2.5109999999999673 3.00400000000036 2.5329999999999018 2.632999999999811 2.519000000000233 3.1159999999999854 3.0720000000001164 2.4969999999998436
10
0.09999999999990905 0.25599999999940337 0.09300000000030195 0.08699999999998909 0.08899999999994179 0.08699999999998909 0.1180000000003929 0.08699999999998909 0.08999999999969077 0.08799999999973807 0.08499999999958163 0.08799999999973807 0.08500000000003638 0.08700000000044383 0.0840000000002874 0.09000000000014552 0.08799999999973807 0.0929999999998472 0.10700000000042564 0.09000000000014552 0.13800000000082946
0.5779999999995198 0.5329999999999018 0.5420000000003711 0.5310000000004038 0.5479999999997744 0.6269999999999527 0.5749999999998181 0.5630000000001019 0.5509999999994761 0.5249999999996362 0.5259999999998399 0.5380000000000109 0.5329999999999018 0.5320000000001528 0.5630000000001019 0.5430000000005748 0.5619999999998981 0.6779999999998836 0.58199999999988 0.5640000000003056 0.6589999999996508
2.6350000000002183 3.4650000000006003 2.7500000000004547 2.731999999999516 2.6230000000000473 2.757000000000062 3.1840000000001965 3.244000000000142 3.606999999999971 5.110999999999876 3.169999999999618 3.6979999999998654 2.9830000000001746 3.4549999999999272 3.3909999999996217 2.957999999999629 3.2530000000001564 2.599000000000615 2.6530000000002474 2.818000000000211 5.813000000000102
2.688999999999851 3.4329999999999927 2.9980000000000473 2.7150000000001455 2.6609999999996035 2.6469999999999345 3.3119999999994434 3.3140000000003056 3.3440000000005057 3.25899999999956 2.6039999999998145 2.619000000000142 2.699000000000069 3.3650000000002365 2.61200000000008 2.6410000000000764 3.81899999999996 3.3040000000000873 2.8609999999998763 2.8179999999993015 4.333999999999833
30
0.15499999999974534 0.11499999999978172 0.11300000000028376 0.10299999999915599 0.10199999999986176 0.11099999999987631 0.09900000000016007 0.11700000000018917 0.12700000000040745 0.10400000000026921 0.10399999999935972 0.09799999999904685 0.1860000000006039 0.11300000000028376 0.10599999999976717 0.09800000000086584 0.10800000000108412 0.6580000000003565 0.10099999999965803 0.1000000000003638 0.17699999999967986
2.126999999999498 1.662000000000262 1.5429999999996653 1.5889999999999418 1.569999999999709 1.694999999999709 1.6519999999991342 1.6959999999999127 1.6610000000009677 1.5410000000001673 1.7269999999998618 1.694999999999709 2.657999999999447 1.7650000000003274 1.5720000000001164 1.595999999999549 1.6700000000000728 1.6520000000000437 1.6040000000002692 1.6530000000002474 2.397000000000844
3.860000000000582 2.5210000000006403 2.555000000000291 2.6740000000008877 3.370999999999185 2.621999999999389 3.331000000000131 2.6459999999988213 2.530999999999949 3.451000000000022 2.5529999999998836 3.1939999999995052 3.1109999999998763 3.2880000000004657 2.6810000000004948 3.1710000000002765 3.561999999999898 2.98700000000008 3.2030000000013388 3.04700000000048 2.4870000000009895
2.6460000000006403 2.625 2.693000000000211 3.238999999999578 2.57799999999952 2.4899999999988722 3.1510000000007494 3.2450000000008004 2.494999999999891 2.66399999999976 3.0900000000001455 4.261999999999716 2.5070000000005166 2.48700000000008 3.092999999999847 3.433999999999287 2.629000000000815 2.6279999999997017 2.5230000000010477 5.5 2.989000000001397
70
0.12400000000161526 0.12399999999979627 0.14600000000064028 0.12399999999979627 0.24399999999695865 0.13000000000101863 0.13500000000021828 0.13400000000001455 0.12699999999858846 0.14200000000164437 0.13800000000082946 0.13000000000101863 0.7729999999992287 0.1319999999996071 0.1290000000008149 0.13300000000162981 0.12499999999818101 0.1290000000008149 0.13000000000101863 0.13099999999758438 0.12199999999938882
5.235999999998967 3.8370000000013533 3.863999999999578 3.6849999999994907 4.022000000000844 3.7490000000016153 3.899999999999636 3.974999999998545 4.056000000000495 3.9470000000001164 4.014999999999418 7.254000000000815 3.922999999998865 4.575999999999112 4.141999999998006 3.9320000000006985 3.7659999999996217 3.8699999999989814 3.833999999998923 6.291999999997643 3.838999999999942
2.790999999999258 2.7330000000019936 2.5979999999999563 3.3960000000006403 3.271999999999025 2.644000000002052 4.630000000001019 2.8220000000001164 2.8209999999999127 3.324000000000524 3.1859999999996944 3.6419999999980064 2.756999999999607 3.425999999999476 3.238999999999578 2.6939999999976862 3.463999999998123 2.9620000000031723 2.885999999998603 3.5339999999996508 2.8739999999997963
3.1379999999990105 3.951999999999316 4.804000000000087 2.72400000000016 3.3729999999995925 2.643000000001848 2.8099999999994907 2.7669999999998254 2.742000000000189 2.812999999998283 2.6599999999998545 2.6369999999988067 2.7080000000005384 2.6530000000020664 3.312999999998283 2.7340000000003783 2.7930000000014843 2.6790000000000873 2.7740000000012515 2.757000000005064 2.6859999999978754
100
0.14499999999679858 0.15199999999822467 0.1610000000000582 0.18399999999746797 0.1599999999962165 0.14800000000104774 0.1569999999992433 0.1430000000000291 0.15100000000165892 0.15099999999802094 0.1610000000000582 0.15300000000206637 0.15199999999822467 0.14099999999598367 0.1529999999984284 0.227999999999156 0.147000000000844 0.17700000000331784 0.1500000000014552 0.9489999999968859 0.19099999999889405
6.105999999996129 6.6010000000023865 6.080000000001746 5.883999999998196 6.088999999996304 6.260000000002037 5.662000000000262 6.469999999997526 5.433000000000902 5.394000000000233 6.287999999996828 5.195999999999913 5.59599999999773 5.765999999999622 5.389000000002852 7.004999999997381 7.333000000002357 7.450000000000728 6.180000000000291 5.804000000000087 7.613000000004831
2.644000000000233 2.952999999997701 2.753999999997177 2.8629999999975553 2.6299999999973807 2.6260000000002037 2.7039999999979045 4.668000000001484 4.102999999995518 2.849999999998545 2.9470000000037544 3.5240000000012515 2.731999999999971 3.4620000000031723 3.219999999997526 2.6260000000002037 2.7179999999971187 3.6119999999973516 3.3329999999987194 4.408999999999651 2.996999999999389
2.61699999999837 2.5129999999990105 2.8950000000004366 2.6970000000001164 2.7259999999951106 2.8979999999974098 2.6310000000012224 2.628000000000611 3.411000000000058 2.805000000000291 2.6300000000010186 2.7370000000009895 3.197999999996682 3.1719999999986612 2.7730000000010477 4.033999999999651 4.145000000000437 3.238999999997759 3.0499999999992724 4.576000000000931 3.6719999999986612
1000
1.3039999999964493 2.6269999999931315 0.7139999999999418 1.0029999999969732 1.1940000000031432 0.6830000000045402 1.0210000000079162 2.4210000000020955 0.6900000000023283 1.7920000000012806 4.006999999997788 3.7120000000140863 1.198999999993248 1.2960000000020955 0.9739999999874271 1.6140000000305008 3.638999999995576 1.2269999999844003 0.7000000000116415 1.7559999999939464 1.426000000006752
55.39300000000367 56.15899999999965 54.55199999999604 54.20300000000134 56.046000000002095 53.77499999999418 55.83400000000256 56.11599999999453 55.138999999995576 54.35800000000745 55.21099999999569 53.94800000000396 52.72599999999511 54.295999999987544 56.27700000000186 53.32399999999325 52.89600000003702 54.095000000001164 53.89999999999418 69.82300000000396 52.999000000039814
8.250999999996566 4.85899999999674 4.870999999999185 4.701999999997497 4.394000000000233 3.8029999999998836 5.153999999994994 4.592000000004191 4.430000000007567 6.26600000000326 4.4259999999922 4.6230000000068685 3.463999999978114 4.496000000013737 5.0600000000267755 5.118000000016764 4.8250000000116415 5.247000000003027 4.605999999999767 5.166999999986729 4.594000000011874
4.199999999989814 4.926999999996042 2.9649999999965075 2.764999999999418 3.9109999999927823 2.7149999999819556 2.7770000000018626 4.190000000002328 2.7600000000093132 3.801000000006752 3.75 3.8629999999975553 2.7550000000046566 2.724999999991269 4.078000000008615 2.661000000021886 2.8330000000132713 3.8390000000363216 3.9729999999981374 2.644000000000233 4.7110000000102445
3000
10.223999999987427 6.502999999996973 2.0709999999962747 7.510000000009313 2.6039999999920838 10.85700000001816 3.2339999999967404 9.347000000008848 3.4380000000237487 3.7399999999906868 2.0160000000032596 2.5499999999883585 7.213999999978114 9.910000000149012 3.702999999979511 2.091000000014901 9.493000000016764 3.6850000000558794 12.923999999882653 1.9489999999059364 1.9660000000149012
164.8859999999986 168.15200000000186 161.8760000000184 166.02000000001863 158.1819999999716 170.56500000000233 168.91500000003725 162.23500000004424 162.23599999997532 165.57800000003772 169.39199999999255 172.77800000004936 162.46199999999953 160.13100000005215 159.9189999999944 156.02000000013504 163.94099999999162 159.4670000001788 166.56500000006054 159.74499999999534 163.1139999999432
7.670000000012806 7.347999999998137 9.818999999988591 5.389999999955762 9.262999999977183 7.593000000051688 6.989999999990687 6.640999999945052 6.583999999973457 7.664999999920838 7.551999999966938 5.964999999967404 5.136000000056811 8.013999999966472 5.152000000001863 6.550000000046566 7.991000000038184 7.699000000022352 8.318000000086613 6.956000000005588 6.561999999918044
2.7149999999965075 4.875999999960186 2.709999999962747 4.904999999969732 2.632000000041444 2.59599999996135 2.6460000000079162 4.993000000016764 2.7289999999920838 5.639999999955762 4.7510000000474975 2.728000000002794 2.6980000000912696 2.7459999999264255 4.84499999997206 2.6929999999701977 2.6550000000279397 2.83199999993667 5.565000000060536 4.719000000040978 2.741999999852851
10000
7.205000000074506 6.2269999999552965 6.262000000104308 10.177000000141561 7.027999999932945 6.641999999759719 6.878999999957159 6.3459999999031425 7.2589999998454005 8.477999999886379 36.889999999897555 9.43099999986589 6.513999999966472 29.905999999959022 6.563000000081956 6.531000000424683 7.3250000001862645 20.634000000543892 20.77199999988079 7.351000000257045 6.984999999869615
526.2509999999311 540.9529999999795 521.1390000000829 578.3840000000782 566.347000000067 552.75400000019 548.7749999999069 555.1879999998491 744.3529999998864 564.6300000001211 546.3580000000075 551.2680000001565 555.6659999997355 560.1370000001043 540.0769999995828 545.8489999999292 537.9840000001714 656.563000000082 544.4240000001155 513.2179999998771 534.3800000003539
9.52600000007078 17.06899999990128 15.205000000307336 17.94000000017695 18.054999999934807 26.626999999862164 36.868000000016764 9.553000000072643 17.649999999906868 16.964000000152737 13.928000000072643 13.149999999906868 18.679000000003725 9.33600000012666 21.17700000014156 9.341999999713153 17.29700000025332 16.402000000234693 20.751999999862164 9.393999999854714 17.061999999918044
3.7419999999692664 2.6239999999525025 4.4689999998081475 2.71100000012666 7.016000000061467 6.111000000033528 3.8449999999720603 3.007000000216067 3.3580000000074506 8.310999999986961 2.612999999895692 2.6509999996051192 2.9020000002346933 3.1480000000447035 8.26699999999255 3.637000000104308 2.7659999998286366 11.410000000149012 2.614999999757856 2.642999999690801 2.782999999821186
