1 3 5 10 30 70 100 1000 3000 10000
1
0.139283 0.188059 0.09839 0.1128 0.110183 0.148818 0.131435 0.100749 0.161779 0.105634 0.102857 0.140074 0.101107 0.120276 0.306765 0.145446 0.097224 0.095707 0.101634 0.215194 0.098689
0.092698 0.236945 0.085743 0.161418 0.122836 0.133475 0.171833 0.084778 0.143464 0.087858 0.089303 0.123127 0.087024 0.096703 0.51797 0.133853 0.084154 0.084068 0.084923 0.206447 0.085139
4.748315 3.163792 5.654167 3.911482 2.797272 3.160135 3.674928 4.558209 2.685962 4.879123 2.618666 5.059778 4.442159 6.574372 3.089594 4.3276 2.837632 4.567525 3.41207 4.504792 4.398924
3.521202 2.592165 3.833631 3.885294 4.510142 2.853902 2.91288 4.26997 2.71598 2.628603 3.54744 3.332067 3.499215 4.314005 4.03096 3.207732 2.614049 2.904607 2.832523 2.567956 3.131445
3
0.099789 0.163911 0.137942 0.101986 0.099016 0.102421 0.099812 0.147211 0.102614 0.103224 0.148128 0.112492 0.101143 0.103884 0.102517 0.105275 0.111956 0.246755 0.100803 0.100656 0.157804
0.161919 0.158486 0.164426 0.159925 0.166936 0.159821 0.157379 0.167349 0.161714 0.161396 0.204319 0.160125 0.163715 0.184806 0.158682 0.162636 0.160869 0.159332 0.159657 0.162525 0.234105
5.717146 3.982524 3.75107 4.728653 4.982058 3.285874 4.208514 3.83636 3.209256 3.604687 2.883592 3.898853 3.972961 4.593271 5.27772 4.728759 4.320711 3.886039 2.719808 3.399445 2.664009
3.541236 2.877603 2.889135 2.690868 2.995861 2.700797 2.900995 2.866975 3.038582 4.348686 2.715823 3.195315 2.690817 4.065004 2.772846 2.852066 3.143884 2.72384 2.896947 2.979081 3.076203
5
0.103287 0.10593 0.108144 0.151024 0.108832 0.106841 0.109992 0.113369 0.16269 0.112773 0.106357 0.109453 0.146442 0.107672 0.184359 0.190234 0.133988 0.157037 0.156709 0.179924 0.110882
0.257575 0.233696 0.236649 0.347002 0.317071 0.283982 0.316315 0.236481 0.439008 0.246968 0.234893 0.235807 0.352226 0.227324 0.426026 0.431275 0.229669 0.346878 0.242216 0.544421 0.236997
4.195573 2.61261 4.398989 4.805231 3.088654 4.429476 4.368196 4.569322 3.621701 3.508767 2.947607 3.090886 4.777751 6.701381 5.146618 2.713536 4.881893 2.90815 4.663757 2.700881 3.516859
3.290009 2.67881 4.24774 2.864065 3.013838 3.054378 2.772049 5.87746 2.715568 3.887911 2.720312 2.770663 3.0325 4.514712 5.259273 2.679176 2.709091 3.131537 4.921422 2.945471 2.695258
10
0.106107 0.366992 0.115375 0.109687 0.103233 0.180038 0.112652 0.179237 0.103888 0.104742 0.105105 0.104719 0.106911 0.106216 0.103819 0.151514 0.113159 0.102065 0.104403 0.103005 0.103821
0.750799 0.454969 0.467833 0.477717 0.436548 0.733643 0.464257 0.654122 0.435245 0.446706 0.435974 0.438502 0.439172 0.437035 0.437384 0.466743 0.442334 0.468871 0.477907 0.436803 0.442839
2.918022 2.775113 3.295521 2.960558 2.827722 3.729877 4.430204 2.963286 3.559602 3.881383 2.809187 2.653718 2.823159 3.116116 3.103733 3.064453 3.027365 2.659713 2.817875 2.654579 2.878293
2.77535 2.712509 2.882453 2.769305 5.194879 2.934249 4.774299 2.886881 2.788696 2.903286 3.036744 2.724288 3.066035 2.610715 2.657521 3.260088 2.690687 2.654155 2.674996 2.647481 2.766567
30
0.120211 0.121705 0.120923 0.120559 0.134155 0.128002 0.425273 0.229083 0.142054 0.120173 0.123386 0.196161 0.129501 0.139678 0.445303 0.194315 0.126149 0.123705 0.219301 0.123764 0.125528
1.721179 1.278786 1.254936 1.140321 1.144235 1.439436 2.728344 2.738513 1.154075 1.198699 1.237519 2.101887 1.158437 1.247887 1.13965 1.157387 1.285347 1.256402 2.389194 1.226179 1.214679
2.794619 2.991823 4.859566 2.819195 2.675593 4.813905 5.319181 3.13093 2.796055 2.619091 3.992051 5.212153 6.811343 5.2532 2.558351 2.95245 3.2198 2.805947 4.501801 2.639191 3.145128
2.606445 2.613722 2.784089 2.808769 2.654021 4.752823 10.659951 2.874121 3.112923 3.187089 4.601651 2.582624 3.254609 2.761737 2.926013 3.343584 2.664944 4.029106 2.612135 3.040171 6.44573
70
0.156103 0.18278 0.154538 0.171998 0.165004 0.174487 0.181573 0.155914 0.167898 0.240797 0.149842 0.307474 0.16079 0.154019 0.156994 0.155737 0.24665 0.151812 0.174093 0.158563 0.150326
2.758237 2.576845 2.557803 2.630759 2.732991 2.806695 3.155956 3.095471 6.13173 3.715953 2.638345 3.13636 2.586981 2.704946 2.796823 2.56131 3.988478 2.629141 2.641501 2.685311 2.566932
3.156812 3.117979 2.892552 2.85309 3.698188 2.656247 2.681339 2.84686 2.690737 2.857198 2.969038 2.623135 3.031805 2.679796 2.735606 2.634359 2.816287 2.702254 3.153184 2.750366 2.627647
2.901701 2.624746 2.735924 2.719262 2.781625 3.527552 2.992578 3.268553 3.796954 2.857412 2.797298 2.651746 2.632082 3.205577 2.667664 4.690998 2.729948 2.877616 2.653344 2.635054 2.653353
100
0.177665 0.181881 0.187425 0.181438 0.317819 0.174027 0.17881 0.183172 0.196146 0.17299 0.176351 0.174135 0.188477 0.1862 0.183508 0.177076 0.176655 0.194806 0.194718 0.649971 0.188792
4.058716 4.287323 4.03514 4.991612 4.991801 3.976184 4.728611 3.988459 5.002015 4.103933 7.189918 4.875428 5.053446 4.208197 4.83944 5.55276 4.140446 4.043291 4.950025 5.332337 4.280526
4.488816 2.711101 3.754644 2.549842 2.667382 2.525856 2.710839 3.006381 2.852521 2.612728 2.665558 2.742703 2.742176 2.782766 3.022138 2.666974 2.759535 2.539103 2.766107 2.615414 2.949492
2.698242 2.814226 2.764369 2.494418 2.493064 2.587873 2.464401 2.599891 2.695178 2.454587 2.481674 2.489521 2.762491 2.56977 2.680038 2.494953 2.625177 2.60919 2.634714 4.365282 2.61194
1000
2.563847 2.362826 1.565432 0.926024 1.639492 1.543577 1.544535 1.335109 0.92519 1.834372 0.844729 1.646536 1.902418 1.804112 1.665736 2.649297 1.037013 1.623946 1.598152 1.658123 2.164946
37.732883 52.679775 48.823042 52.886208 36.871695 41.204951 41.898379 89.363163 39.360453 41.885646 40.977239 39.361226 39.538412 51.715742 37.579491 38.25363 36.955117 38.688686 38.786181 41.434376 43.258934
4.383951 3.397353 4.337607 3.579662 7.128046 3.62289 3.405377 3.778112 4.720621 3.132832 3.475814 3.15349 10.553227 6.350327 3.553508 3.487466 3.425909 5.363649 3.189909 3.574206 3.615864
2.75849 2.906577 2.998061 3.008951 2.645089 4.300258 4.253092 3.048651 2.684809 3.144866 2.605647 2.75183 2.617642 3.028389 13.654326 3.154046 2.576632 2.632713 2.747511 3.349834 3.044714
3000
2.575235 2.438642 4.093748 2.506898 2.455338 3.331402 2.919996 2.649406 3.711179 2.534707 4.605042 5.036416 5.766709 4.804993 4.656793 2.519901 4.518962 2.463394 2.684833 4.80513 2.54156
114.278803 116.5272 118.076991 145.651928 116.248085 113.100875 123.811204 115.431534 116.137519 113.254583 114.607878 120.172289 113.132041 110.653371 112.815108 113.191005 110.658744 114.029601 115.60259 118.046005 111.16578
4.160476 4.318976 4.54763 5.384634 5.029356 4.931678 6.78079 4.653691 4.391936 4.551583 7.413544 6.235141 4.67374 4.683182 4.955515 4.902811 4.383858 4.577735 4.845288 4.433619 4.906605
2.662255 3.087895 3.822422 2.867879 3.572367 3.580577 2.798474 2.71174 3.544127 3.930465 3.702069 7.262623 2.907936 3.351982 2.697749 3.794475 2.704015 3.745245 3.601124 2.739268 2.694546
10000
10.914366 14.541936 18.575549 9.041432 15.439106 8.699613 17.964939 29.401303 17.734537 12.867371 8.730587 15.089123 20.766258 10.012074 16.172017 14.147174 9.352082 16.509202 13.544831 16.261162 8.907803
386.571689 382.426248 426.508869 396.663978 377.447168 375.160077 382.043198 397.767381 381.74352 405.775417 384.026132 376.8294 386.726151 389.524711 380.52102 394.467491 408.571468 422.589775 403.881575 372.061752 368.99945
10.337134 10.116566 8.214746 9.480108 10.032826 8.317937 9.140869 9.63826 8.401457 8.824723 9.225882 7.851771 11.805142 9.491508 9.88292 9.642985 7.480859 7.971455 9.682762 9.974809 8.902356
2.84897 8.313784 2.885174 2.73866 2.938185 3.38112 4.818512 2.715088 2.820728 2.89063 2.750019 3.256027 2.726181 2.744307 2.724026 2.853797 4.849004 3.277032 2.695803 2.96879 2.710046